42	2500	50.0	[2,	3,	7]	12
246	84100	290.0	[2,	3,	41]	46
287	84100	290.0	[7,	41]	48
728	722500	850.0	[2,	2,	2,	7,	13]	26
1434	2856100	1690.0	[2,	3,	239]	244
1673	2856100	1690.0	[7,	239]	246
1880	4884100	2210.0	[2,	2,	2,	5,	47]	58
9799	96079204	9802.0	[41,	239]	280
18330	488410000	22100.0	[2,	3,	5,	13,	47]	70
21385	488410000	22100.0	[5,	7,	13,	47]	72
24856	825412900	28730.0	[2,	2,	2,	13,	239]	258
27375	113635600	10660.0	[3,	5,	5,	5,	73]	91
39990	2313610000	48100.0	[2,	3,	5,	31,	43]	84
46655	2313610000	48100.0	[5,	7,	31,	43]	86
57270	4747210000	68900.0	[2,	3,	5,	23,	83]	116
66815	4747210000	68900.0	[5,	7,	23,	83]	118
79233	45024100	6710.0	[3,	7,	7,	7,	7,	11]	42
125255	16430112400	128180.0	[5,	13,	41,	47]	106
156570	35532250000	188500.0	[2,	3,	5,	17,	307]	334
180154	24304900	4930.0	[2,	13,	13,	13,	41]	82
182665	35532250000	188500.0	[5,	7,	17,	307]	336
208182	60762250000	246500.0	[2,	3,	13,	17,	157]	192
242879	60762250000	246500.0	[7,	13,	17,	157]	194
273265	77829840400	278980.0	[5,	31,	41,	43]	120
391345	159696144400	399620.0	[5,	23,	41,	83]	152
411558	240198010000	490100.0	[2,	3,	7,	41,	239]	292
627215	410752810000	640900.0	[5,	17,	47,	157]	226
730145	557979120400	746980.0	[5,	13,	47,	239]	304
773224	796252828900	892330.0	[2,	2,	2,	19,	5087]	5112
814463	668633290000	817700.0	[13,	31,	43,	47]	134
931722	1219036810000	1104100.0	[2,	3,	11,	19,	743]	778
1069895	1195304890000	1093300.0	[5,	17,	41,	307]	370
1087009	1219036810000	1104100.0	[7,	11,	19,	743]	780
1166399	1371943690000	1171300.0	[13,	23,	47,	83]	166
1422577	2044042090000	1429700.0	[13,	17,	41,	157]	228
1542682	607622500	24650.0	[2,	17,	17,	17,	157]	210
1592935	2643160608400	1625780.0	[5,	31,	43,	239]	318
1815073	3327340810000	1824100.0	[13,	17,	43,	191]	264
2281255	5423402592400	2328820.0	[5,	23,	83,	239]	350
2544697	6498930490000	2549300.0	[23,	31,	43,	83]	180
3054232	12389344022500	3519850.0	[2,	2,	2,	293,	1303]	1602
3132935	10268820250000	3204500.0	[5,	13,	157,	307]	482
3145240	13949478010000	3734900.0	[2,	2,	2,	5,	7,	47,	239]	304
3188809	10268820250000	3204500.0	[13,	17,	47,	307]	384
3372250	410752810000	640900.0	[2,	5,	5,	5,	7,	41,	47]	112
4332250	668633290000	817700.0	[2,	5,	5,	5,	13,	31,	43]	104
4647985	22492823875600	4742660.0	[5,	31,	157,	191]	384
4730879	22492823875600	4742660.0	[17,	31,	47,	191]	286
5054015	26676192010000	5164900.0	[5,	17,	37,	1607]	1666
5143945	27619018944400	5255380.0	[5,	17,	73,	829]	924
5260710	41075281000000	6409000.0	[2,	3,	5,	7,	13,	41,	47]	118
6204250	1371943690000	1171300.0	[2,	5,	5,	5,	13,	23,	83]	136
6236705	40593463690000	6371300.0	[5,	17,	239,	307]	568
6366767	41008398288400	6403780.0	[11,	19,	41,	743]	814
6956927	48643650250000	6974500.0	[17,	31,	43,	307]	398
7174440	82101721000000	9061000.0	[2,	2,	2,	3,	3,	3,	5,	7,	13,	73]	113
7538934	79625282890000	8923300.0	[2,	3,	13,	19,	5087]	5124
7736646	83183520250000	9120500.0	[2,	3,	43,	157,	191]	396
7856625	9556753960000	3091400.0	[3,	5,	5,	5,	7,	41,	73]	139
8292583	69417224890000	8331700.0	[13,	17,	157,	239]	426
8795423	79625282890000	8923300.0	[7,	13,	19,	5087]	5126
9026087	83183520250000	9120500.0	[7,	43,	157,	191]	398
9963071	99810090250000	9990500.0	[17,	23,	83,	307]	430
10277982	13011964900	114070.0	[2,	3,	3,	3,	11,	11,	11,	11,	13]	68
10497597	51437332804	226798.0	[3,	11,	11,	11,	11,	239]	286
11477130	194574601000000	13949000.0	[2,	3,	5,	7,	31,	41,	43]	132
11538505	139610766490000	11815700.0	[5,	11,	193,	1087]	1296
11725560	219902206810000	14829100.0	[2,	2,	2,	3,	3,	3,	3,	5,	7,	11,	47]	88
12158135	155004990010000	12450100.0	[5,	11,	443,	499]	958
12218631	163426147600	404260.0	[3,	17,	17,	17,	829]	883
12939480	260131092816400	16128580.0	[2,	2,	2,	3,	3,	3,	5,	11981]	12001
12948776	222689064472900	14922770.0	[2,	2,	2,	419,	3863]	4288
13592118	256720506250000	16022500.0	[2,	3,	47,	157,	307]	516
15203889	260131092816400	16128580.0	[3,	3,	3,	47,	11981]	12037
15857471	256720506250000	16022500.0	[7,	47,	157,	307]	518
16436490	399240361000000	19981000.0	[2,	3,	5,	7,	23,	41,	83]	164
16909849	289604836128400	17017780.0	[11,	17,	31,	2917]	2976
16961750	10268820250000	3204500.0	[2,	5,	5,	5,	13,	17,	307]	354
20813976	647219040250000	25440500.0	[2,	2,	2,	3,	3,	3,	173,	557]	745
20871649	436988086147600	20904260.0	[23,	31,	73,	401]	528
21251412	683572005944100	26145210.0	[2,	2,	3,	3,	7,	13,	13,	499]	542
22713455	538266912336400	23200580.0	[5,	19,	47,	5087]	5158
23630711	562320596890000	23713300.0	[13,	31,	191,	307]	542
24738935	640317720250000	25304500.0	[5,	13,	107,	3557]	3682
25164250	22492823875600	4742660.0	[2,	5,	5,	5,	17,	31,	191]	256
26343030	1026882025000000	32045000.0	[2,	3,	5,	7,	17,	47,	157]	238
26594568	1094306248090000	33080300.0	[2,	2,	2,	3,	3,	3,	3,	7,	11,	13,	41]	90
28113048	1180753916410000	34362100.0	[2,	2,	2,	3,	3,	3,	157,	829]	1001
29778762	1238934402250000	35198500.0	[2,	3,	13,	293,	1303]	1614
29973414	1253591917210000	35406100.0	[2,	3,	17,	29,	10133]	10184
30666090	1394947801000000	37349000.0	[2,	3,	5,	7,	13,	47,	239]	316
34207446	1671583225000000	40885000.0	[2,	3,	7,	13,	31,	43,	47]	146
34741889	1238934402250000	35198500.0	[7,	13,	293,	1303]	1616
34968983	1253591917210000	35406100.0	[7,	17,	29,	10133]	10186
37113593	1392676413216400	37318580.0	[11,	19,	239,	743]	1012
37343065	1451977307232400	38104820.0	[5,	31,	89,	2707]	2832
39256230	2249282387560000	47426600.0	[2,	3,	5,	13,	17,	31,	191]	262
42021720	2761901894440000	52553800.0	[2,	2,	2,	3,	3,	3,	5,	13,	41,	73]	147
42978586	16715832250000	4088500.0	[2,	7,	7,	7,	31,	43,	47]	144
44935590	2988262225000000	54665000.0	[2,	3,	5,	7,	17,	41,	307]	382
45798375	324554637160000	18015400.0	[3,	5,	5,	5,	7,	73,	239]	337
45798935	2249282387560000	47426600.0	[5,	7,	13,	17,	31,	191]	264
45896487	82101721000000	9061000.0	[3,	7,	7,	7,	13,	47,	73]	157
48988758	3429859225000000	58565000.0	[2,	3,	7,	13,	23,	47,	83]	178
51516049	2678594516419600	51755140.0	[13,	19,	41,	5087]	5160
51912289	2733777693091600	52285540.0	[11,	13,	71,	5113]	5208
52867081	2798293621210000	52898900.0	[41,	43,	157,	191]	432
56215914	4389206926188100	66251090.0	[2,	3,	9369319]	9369324
59748234	5110105225000000	71485000.0	[2,	3,	7,	13,	17,	41,	157]	240
62158134	5369738562250000	73278500.0	[2,	3,	43,	89,	2707]	2844
63286535	4190089414810000	64730900.0	[5,	13,	293,	3323]	3634
65585233	4389206926188100	66251090.0	[7,	9369319]	9369326
66903270	6607901521000000	81289000.0	[2,	3,	5,	7,	31,	43,	239]	330
1094908486
time:		7207.5860002	secs
