94
2
6 (2, 3)
10 (2, 5)
22 (2, 11)
34 (2, 17)
58 (2, 29)
82 (2, 41)
118 (2, 59)
142 (2, 71)
202 (2, 101)
214 (2, 107)
274 (2, 137)
298 (2, 149)
358 (2, 179)
382 (2, 191)
394 (2, 197)
454 (2, 227)
478 (2, 239)
538 (2, 269)
562 (2, 281)
622 (2, 311)
694 (2, 347)
838 (2, 419)
862 (2, 431)
922 (2, 461)
3
30 (2, 3, 5)
42 (2, 3, 7)
78 (2, 3, 13)
102 (2, 3, 17)
582 (2, 3, 97)
70 (2, 5, 7)
130 (2, 5, 13)
190 (2, 5, 19)
310 (2, 5, 31)
610 (2, 5, 61)
730 (2, 5, 73)
790 (2, 5, 79)
970 (2, 5, 97)
322 (2, 7, 23)
658 (2, 7, 47)
742 (2, 7, 53)
442 (2, 13, 17)
4
210 (2, 3, 5, 7)
330 (2, 3, 5, 11)
510 (2, 3, 5, 17)
930 (2, 3, 5, 31)
462 (2, 3, 7, 11)
714 (2, 3, 7, 17)
5
6

s=0
for i in xrange(1000):
    if e357.c
    if e357.checkN              if e357.checkNum        
    if e357.combinations    
    if e357.checkN(i):
        s+=i

s
8427


n= 100 s= 401
n= 1000 s= 8427
n= 10000 s= 262615
n= 10 s= 9
time:  0.194000005722 secs

1 []
2 [2]
6 [2, 3]
10 [2, 5]
22 [2, 11]
30 [2, 3, 5]
42 [2, 3, 7]
58 [2, 29]
70 [2, 5, 7]
78 [2, 3, 13]
82 [2, 41]
n= 100 s= 401